"x"
65.9740740439164
78.1619220134261
64.6193407518721
34.9357669449799
69.4185162293122
33.0960306520837
192.461819940545
9.77722538659398
16.7258392877121
126.1742149498
31.5278065042739
174.837485153906
46.4688677355734
199.422411163655
164.591966112386
7.65174160689964
98.2851188666384
22.5254353107338
143.159589060607
103.192208051729
27.3079407121557
75.6678116057412
131.514922460903
114.134061104917
18.9338684143795
39.4466227566368
90.5868816884656
74.0115050539064
9.07291958356732
15.7645119357136
118.233839517852
63.7880753357322
81.7751855340443
19.3068147322688
184.077694546277
26.6544501703009
13.0120840720872
18.5314696653628
12.890897135475
157.922207829182
8.33063977934039
170.855516465481
77.5271239478602
38.4530940799391
10.9223359088275
203.284606632162
10.1851611926626
6.00908134815388
5.52252718592916
72.3618743864605
70.6778236445037
36.6991429014399
114.370505222008
7.17957986601918
29.345086833422
91.0399778889296
6.4622560884342
49.1892513541332
77.6403783630221
16.610935536407
10.743068778032
221.146524363228
8.13065777198532
30.8857827756047
184.80418784742
9.23255176027785
22.1050313088212
157.170110547913
76.0114625721358
67.4438288969902
29.5297143066826
59.2375569168238
27.8630994039532
1.58988150216545
38.2253286125538
12.4420420850934
8.0966696664643
5.33709467955102
2.6565700177837
4.60408257365218
7.96393737685013
3.11488911603428
213.197902250564
38.6415896391545
34.4004395568082
154.566358556618
5.15064115556047
135.681420447818
42.8631047674157
221.034605124944
147.588095874831
25.5666737139954
84.0454574651609
2.00661376766414
64.0590377021044
63.091034465717
3.85895570108294
87.8369670989621
2.48236870514214
3.90598141611636
107.890145705907
156.015418168086
66.8404074880519
54.126382018974
3.09855283423561
1.43602200195589
33.5782847593638
23.3655953610741
114.57388407642
81.1473382422244
207.139949501693
2.14896718477993
4.33912850323005
221.384107307656
86.3937979737193
83.254168815538
48.4784660162585
76.340701482232
59.5881586569644
72.2713179782208
38.3824082452333
6.14966761940202
126.386272453917
48.0548026119678
1.37191387686858
2.1849776905717
55.281545637699
2.93255893240156
3.85041449605599
10.4065256650162
2.75148538583028
114.263651801878
86.2576099321862
46.8293654925729
38.1408983099886
80.4561878584346
90.3988573681483
6.38136007760427
11.1454282571405
2.2646170643402
0.510508806208341
0.867864970554181
111.086716230935
62.486277879901
40.8407044966673
25.4458009366486
85.9696829654847
41.249111541634
104.344072998168
63.4876605382327
170.235051916397
224.82022427252
198.849070504374
3.7856191475757
1.41764368493239
7.10196289252143
122.718463030851
82.6631566975814
22.9728962793754
125.074657521044
150.207398749762
0.771712600400248
3.69836141162224
179.337816630173
92.5552465655723
171.256069528814
4.66624683828509
104.562020988511
109.327424344925
79.3566304296782
123.933945228525
4.31654830603238
36.7434393578555
34.1176962179852
42.4115008234622
1.23087600167648
166.064587668756
23.5619449019234
152.304411846033
115.667276129594
63.8607246658465
33.4069108801105
57.9545304770977
193.612428249922
155.960440296648
139.164700572394
11.2586826723024
17.0246047490684
83.424992916077
0.94499107019981
193.561377369301
112.667330034772
187.170199814654
82.172282845458
112.900985988383
78.2178030927519
16.0771004047458
22.9866407472348
27.1413970316073
112.900985988383
171.428857124761
15.8737608202422
178.216660751923
43.1183591705199
3.26921985514188
108.326041686593
34.1059152455342
31.9853402043611
109.219432097458
17.570770631895
34.9030943813826
18.3586820694154
0.354214571692249
0.915774258521425
21.9872215843116
6.51236449125896
156.932606143302
102.020708151206
28.3371657353799
56.1559686829176
54.0825175315483
93.4780894075643
2.98088055440459
52.5813663868927
143.663068553253
104.186993365488
19.081248379741
103.511550944967
28.5374422670463
63.6604481341802
25.1332124676164
46.774387621135
27.1544739110279
79.9538079232174
1.42687211335231
67.0376602367892
83.2212606324917
65.5179147906152
12.4838645372943
40.8642664415692
58.4409668295979
92.7044722166178
31.2392119491335
0.717657571804418
77.3381571497467
48.4001618193678
115.532855233928
46.4124172425792
130.792356150577
218.53703896534
182.251643816378
29.852984190737
20.4666122001578
124.359945192352
96.65109798769
1.39368904094877
156.521999983477
75.5395953555666
87.7486098055799
190.631842219829
38.9636028861474
67.7837884920168
78.0882123957913
39.2856161331404
100.629139685298
112.221616577044
46.9430911466328
49.2374355314576
48.4581634737347
25.0816118082812
34.4441469646013
155.210385050604
116.568795411449
0.623606141737574
192.422550032375
75.5553033188345
23.1865245798195
13.5229855773773
210.643787423196
0.113097335529233
80.4247719318987
106.814150222053
159.90706606772
108.227866916168
35.3429173528852
23.404865269244
165.353802330882
158.994040702771
0.876406175581128
0.676934677032261
0.94495180029164
93.4231115361265
54.0628825774633
163.720174151015
172.296722095315
10.5001451260932
25.1170332654504
1.13332954978252
32.4683600748505
87.1438532197639
171.071500960415
0.516124403076633
33.846733851613
52.311444673087
27.3652355081756
31.0860004024087
81.7933282316187
0.373064127613788
189.218125525713
59.6902604182061
1.70863370447115
7.03897395981695
12.625982334961
32.1372362091621
75.3589537779852
30.1435815111941
24.1745554693735
39.0244712438107
0.576835681107256
86.5980014962027
1.92084828822114
12.931580760339
25.4635902050495
8.77168011799623
1.22777367893106
1.28008119661333
74.6835113574633
122.196173252192
35.5981717559893
16.770214283944
74.6776208712379
1.06068021966825
52.8906758185927
137.978749345664
114.228308884525
143.774987791537
64.7482245904856
195.658390465572
45.9457925587507
8.96861870746814
60.0829594999048
45.9457925587507
1.0461503536454
1.39392466039779
37.4634923940583
2.04282062299676
15.9749986435041
48.0663675999238
120.16591899981
45.9457925587507
22.8629405364997
98.8403953681604
31.6024389647507
118.49694790259
90.8509325509998
85.9029241215959
116.82797680537
152.42614856136
33.536501577071
27.4889357189107
6.89697397187469
56.3523182237669
30.9250526837745
43.5823331355469
0.160810273955628
58.4139884026852
111.055300304399
190.223435174862
93.3465352151952
98.0883766267073
2.00647632298555
57.0375781213312
67.7405915930299
4.04275850627203
53.4724987780375
136.855629972005
0.530065220476938
4.62104717398157
35.3821872610551
60.0829594999048
33.3794219443916
83.4485548609789
41.7910362743782
106.814150222053
4.17242774304894
0.823804133587584
1.97739695598576
203.614473860788
27.7716790577338
113.490034610931
96.6668059509579
36.7654305064306
64.2220078210094
64.2220078210094
19.8941354788574
24.1667014877395
1.12822446172043
24.7007722388498
125.10607344758
13.5619216913277
4.72674213182078
41.1764622115197
59.3525392079452
67.6463438134222
197.326458354904
58.5749950261817
47.9485578754142
37.3221207246467
54.6989372800908
8.30546776820351
34.3415346945534
47.8189671784536
23.4559161498648
10.9646688698346
54.9464555112855
47.3006043906113
107.819459871202
68.6830693891069
61.8991927527614
76.0658121250429
159.534001940107
1.07844985311512
4.41717744571767
45.4352837525424
40.4578228920111
0.366938021939288
95.6300803752733
140.366359762392
22.7451308119901
49.5115002205751
46.3699075669853
27.7716790577338
149.916801429305
2.41525643207983
0.203575203952619
91.106186954104
86.5822935329347
64.5911449578061
20.3575203952619
56.5486677646163
87.5876031820834
0.147026536188002
36.4424747816416
30.6619442990364
55.9124952522643
52.4488893516816
76.3230300235555
23.8741406718739
29.7037585396915
179.683391822068
59.0423069334032
107.615256348718
51.2511571525005
58.5553600720968
51.2511571525005
22.0343454741154
15.2170894158256
38.5905387585336
158.257729924586
51.2511571525005
193.074430507995
216.326143135376
51.0515089393649
3.85905387585336
62.3291982472215
151.075263720316
24.5908164959741
29.7037585396915
180.292075398701
103.476208027614
88.2591186117883
19.2879651763472
7.86906127871171
49.9120532839078
34.5841834571351
70.6072948894306
29.7037585396915
115.528142844948
44.9208479555171
44.9208479555171
32.2602295615502
208.525175877431
37.9681107140411
41.4415340916664
0.14013466730419
104.143796466502
120.754967622358
53.249995478347
77.2831792783089
30.5845825799417
56.6664774891259
13.3124988695867
15.3152641862502
38.2881604656256
73.9845069920396
61.261056745001
53.0143760293278
50.0691329165873
10.6747391378164
0.0530143760293278
10.6747391378164
1.30650984481166
1.8472564803108
191.440802328128
156.097884975243
53.0143760293278
43.5895980685584
224.54533491533
215.002747230051
12.1450044996964
91.6571437657273
64.0884901332318
38.133829726518
31.690815893087
144.893002077133
118.824066237645
24.5044226980004
10.4850654813559
53.0143760293278
46.4170314567892
41.9402619254237
28.7455727803466
60.318578948924
41.9402619254237
33.8977650972798
55.7220361976405
1.86859967540112
88.1589803459551
107.621146834944
13.5540088048315
66.9630474112664
78.4652035142221
67.8741092808075
115.818740165405
27.7873870210017
58.5357251180118
166.26879119124
14.5769899126566
51.2472301616835
70.2656466883527
17.7941771394734
14.5769899126566
18.6767683255913
27.7873870210017
51.2472301616835
52.8415884333803
14.5769899126566
25.1680841460712
96.8003236387355
31.2038690317806
35.6452956457932
32.9121100371701
71.1767085578937
27.7873870210017
18.6767683255913
51.2472301616835
21.0683057331366
115.818740165405
44.8697970748962
73.7960114328242
50.3636572278614
169.333807523898
50.3636572278614
85.7480436037739
1.16396007815502
35.0307215829347
44.0961798839497
1.7750391191864
54.9778714378214
33.536501577071
38.0446870349724
101.70906215997
18.0327418316054
40.5736691211122
21.9911485751286
203.418124319939
75.7595068413179
68.7223392972767
12.4249989449476
56.026849224855
2.53557943071232
96.9809652163169
203.418124319939
26.6092897759056
138.324324537559
112.704636447534
216.832724950768
14.0743350880823
92.4727797584156
60.3657028387279
42.772783978625
63.7743308678728
29.1382718620453
68.7223392972767
29.5780948335479
26.8292012616568
14.2942465738336
71.4712328691678
27.4889357189107
29.1382718620453
68.7223392972767
59.2877438594649
78.186387166216
31.9657052502761
1.71275704482899
7.15772616212264
47.712938426395
66.6507338315914
58.2097848802019
25.8710155023119
90.5443131080094
77.4009890028185
30.7483380970101
48.5611684428642
25.8710155023119
0.895942954895639
44.638104616694
72.629695160179
0.076340701482232
21.8005717107802
196.153191308513
1.21402921107161
38.7004945014093
73.9020401848829
45.0622196249286
25.8710155023119
60.330359921375
39.1246095096439
19.1912041226166
36.6859482122948
41.7753283111103
66.2679700366597
15.3741690485051
21.2057504117311
155.438150517989
0.895942954895639
1.80248878499714
81.1119953248715
55.1349510705009
51.4239447484479
25.6589579981946
43.0741805238288
15.3741690485051
17.3887153376195
28.5217343037783
34.459344419063
69.554861350478
68.2668083625062
25.3919226226395
6.74446928349699
0.351740567477547
4.61633478500118
33.8212084113026
13.528483364521
24.6892268858478
42.9848414827423
18.480418784742
0.541139334580842
49.1109471572424
55.5433581154675
49.1109471572424
25.5254403104171
24.9128297429671
22.9728962793754
46.1499960812341
22.5644892344087
24.9128297429671
20.624555770817
37.6755498981756
59.2190215201676
1.1323085321701
47.7836242611008
16.8018658299289
78.5162543948429
108.840477483618
85.867581204243
45.9457925587507
78.1078473498762
18.9715282563144
37.6755498981756
0.720838434366178
18.480418784742
13.2732289614169
4.1861722109084
16.7446888436336
47.7836242611008
7.02868524387644
24.9128297429671
0.862759882492097
0.20930861054542
0.883180234740431
34.7145988221672
21.237166338267
115.272888441843
36.3191476350341
39.4544767382708
118.563706746479
0.530732808915826
141.895922685608
82.1133779832032
42.1582099157665
39.4544767382708
113.056102125654
22.1305567491316
0.605738333520282
1.41862543263664
0.0441786466911065
65.3843971028376
71.6675824100171
177.499984927823
5.21209856184632
43.6877728389831
154.723438189297
53.5052498814512
67.6424168226052
19.8313036257856
1.36855629972005
0.52032628325081
12.5752063436974
0.0706858347057703
0.52032628325081
104.065256650162
181.62332528566
41.7242774304894
19.8313036257856
35.7513243978518
116.435277723672
166.897109721958
8.58145668282137
15.9445644646724
15.9445644646724
17.7696334468673
10.9896838013388
37.0118884501048
67.6424168226052
9.62112750161874
41.3315783487907
50.461831998286
108.875820400971
71.6675824100171
63.6172512351933
1.08875820400971
186.630238577319
14.2353417115788
12.7627201552085
67.6424168226052
26.0163141625405
17.7696334468673
1.41862543263664
22.0893233455532
14.2353417115788
6.63759622841269
39.2699081698724
44.7922390062607
47.5715667569834
73.6016253873834
9.42870495158637
33.2891011556008
32.7118335055037
71.1963435119787
1.39025292398391
0.711963435119787
185.110493131145
8.70712038896496
98.6165568915921
32.7118335055037
43.4874963073167
6.89353785490983
24.1613607802284
71.722560281455
16.2897862273938
104.143796466502
69.7433569096934
41.0920319089545
182.591878300762
140.334943835856
13.6659280431156
13.6659280431156
113.19158330884
29.8765461356389
37.1336251654314
45.3331819913007
1.31381404773125
1.92453965958911
122.522113490002
1.04520787584932
50.1030621172461
47.5951287018854
174.358392274234
12.2522113490002
43.1654830603238
58.9048622548086
127.611493588817
39.9610585536622
22.9964582242773
120.071671220202
206.77962845928
45.3331819913007
77.3774270579166
20.8287592933003
126.386272453917
68.2353924359703
20.8287592933003
22.9964582242773
23.5619449019234
9.42477796076938
8.01106126665397
19.6035381584003
0.581508800179471
0.581508800179471
181.709719083634
61.0725611857856
58.9048622548086
49.9513231920777
15.2681402964464
84.8230016469244
17.0588481089926
1.49476978457802
30.9519133009627
106.028752058656
25.3526527144696
56.1716766461855
46.9025646014015
37.8365565216721
66.8138217602209
51.4023462989545
14.9500540402704
59.8002161610817
70.5974774123881
0.0664446846234241
35.8063022692897
106.496063965877
11.889907176225
214.930097899937
40.6443549558179
46.4248854384232
0.941142619199162
69.0954034248905
126.269365937296
6.01175170190943
43.4442994083299
16.3480627711179
13.0965143746525
43.8679039077583
65.3922510844715
16.3480627711179
43.4442994083299
89.0562977476367
83.5467296314036
49.5861130460979
132.319955578385
62.2310234767968
144.51326206513
4.26043160725763
25.0188584950257
180.641577581413
0.557279266838659
49.5861130460979
129.06840718192
58.7085127139593
0.0406443549558179
28.2704068914911
29.3542563569796
29.3542563569796
0.0162577419823272
0.0650309679293087
38.0250520808875
62.2310234767968
2.41066185282396
35.1347868395848
112.900985988383
83.5467296314036
33.3283710637707
145.876202767982
81.6147679591704
43.4442994083299
127.843657285918
200.963755059322
1.03417303165359
104.049548686894
72.346951821356
83.5467296314036
18.0641577581413
30.5284266112588
100.888321079219
34.3544152244331
0.76321066528147
87.1595611830318
11.0814575767318
28.631690046654
42.2701291540507
21.1901602581877
26.1930287493049
62.2310234767968
22.0382724649324
11.4328054451276
24.2962921847001
29.3542563569796
13.0965143746525
28.7161203492192
24.474970266873
27.0373317749572
30.5716235102457
28.7161203492192
95.6025914395544
0.459457925587507
175.389227363693
169.999432467378
41.3512133028757
32.6038412580366
51.6890166285946
17.6714586764426
39.7607820219958
23.2399316549305
55.9831810869701
52.9593981578899
17.2787595947439
9.80051244213872
17.2787595947439
12.4026936371071
41.555416825359
53.9961237335746
28.0779843414588
14.349145905455
92.0957886399848
47.4301950875719
100.216805649514
213.219893399139
17.4515471906913
19.093029352192
34.5575191894877
53.9961237335746
53.9961237335746
65.7456802580004
221.254516610695
0.564151500768387
7.0194960853647
131.404966718027
192.226200491525
44.4064121584917
202.507062450398
140.389921707294
30.7561920786441
4.06828394658244
6.76809013326117
23.2399316549305
11.0584061406361
24.9678076144049
39.8275408658846
44.2336245625443
80.2598383175852
55.0328493092592
17.4515471906913
30.4970106847229
88.5536429230623
103.758951366437
47.4301950875719
0.730027592877928
56.6743314707599
17.2450660135341
50.6267656125995
99.6984428616721
60.9940213694458
21.0800867055875
64.2514602521368
61.1275390572234
69.0639874983546
143.032531272723
81.8973934882689
90.8470055601829
26.4266847029156
28.5374422670463
26.4266847029156
26.4266847029156
9.5406241898705
33.7721210260903
1.62781623345755
25.8356725849591
1.40193572166445
1.65675815577875
0.931874920871072
24.4101749183927
103.578309788855
56.0774288665778
40.3130740104969
144.564312945751
16.6582950456599
35.0483930416111
6.27160068426947
84.5284773356504
163.696612206113
4.1233403578366
7.86156072625127
66.6331801826395
43.0476733358141
20.3767233803569
206.16701789183
24.4101749183927
134.00856162969
199.652140126448
0.53850825073346
20.1219009462426
28.0387144332889
14.9264920953685
61.5202381389221
53.0459490354963
26.8017123259379
106.168592201648
0.0964861643733765
0.422230052642468
19.2015713783735
48.325548993845
47.6658145365911
34.7185258129842
20.1219009462426
18.2251643816378
37.2749968348429
24.4101749183927
45.2742771290459
8.08174710135974
28.0387144332889
45.2742771290459
1.04567911474736
0.914556891368159
0.278737808189754
14.9264920953685
20.616701789183
9.63294774397787
12.2875542663531
20.151588996819
31.5922091536725
0.508820200157037
39.996401471015
10.6918215478703
15.5235517791832
26.8017123259379
28.0387144332889
31.718304828806
34.8579339869872
93.3838416279566
36.3874969102038
11.388273369263
42.8041999051609
37.0904282664445
34.0077404751095
31.4159265358979
114.668131856027
43.1183591705199
17.6714586764426
25.5254403104171
215.670335668939
21.1272105953914
33.0652626790326
49.0873852123405
0.0918915851175015
14.2157067574938
11.388273369263
14.2157067574938
60.0829594999048
77.0475598292897
67.9369411338793
18.2997772071605
0.663661448070844
5.81194640914112
132.26105071613
43.1183591705199
102.180301058008
27.4103959025709
0.691935781953152
74.1070291055296
24.8971217796991
58.5121631731099
46.0243323750905
65.3451271946677
27.1747764535517
56.8628270299753
26.5464579228338
88.3572933822129
102.101761241668
22.6194671058465
27.1747764535517
24.8971217796991
33.0652626790326
21.1272105953914
135.167023920701
69.4291976443344
56.8628270299753
16.3362817986669
42.8041999051609
30.9446876378595
143.335164820034
45.553093477052
157.07963267949
17.3572994110836
106.185831691335
3.70472313674576
20.8130513300324
64.4811892149305
31.8086256175967
28.6670329640069
19.4064032193875
42.7256600888212
145.298660228528
3.44318554833441
18.4262263114675
40.9977841293468
38.7201294554942
0.0918915851175015
33.0652626790326
35.4999969855647
17.3572994110836
28.2566624236317
47.860200582032
1.10652783745658
13.8603140885565
24.2746937352066
122.062655564414
43.5719266098819
69.9907573311636
119.152755369027
88.3690743546639
20.0708500656218
40.9624412119939
0.657338992855494
65.8085121110722
27.5321326178975
19.7723987635308
7.11806355487107
8.56928301128871
6.07049948453156
18.2055294275529
18.2055294275529
84.9093954448981
109.30778939084
12.2365033857322
24.2491682948962
36.7841229827195
46.6330159517235
126.841803388688
16.4894344405294
15.1561032484377
86.2524263043078
63.6447401709122
48.946013542929
25.3683606777376
72.3744407570749
63.0478375667302
139.152919599943
35.8656391005343
12.0872777346867
1.18335941279094
13.5049214196191
91.3260984398553
19.7723987635308
67.5246070980956
41.559343816176
20.0708500656218
186.532063806894
16.7878857426205
113.784558922205
14.9225651045515
8.90578685439634
46.6330159517235
0.251445222011693
10.8188597007999
15.071790755597
1.18335941279094
59.8394860692516
0.630478375667302
16.7878857426205
15.2090783545589
1.30199380537212
17.3847883468025
6.23464770068162
38.3509923186974
42.4546977224491
12.2365033857322
16.7878857426205
52.9004932956351
16.4894344405294
26.5170054917063
61.098086626096
88.9227800598591
145.952504199556
39.5938849122739
29.0597320457056
45.405831321415
123.503861194249
205.234357572796
80.4954577666045
102.072308810541
32.6921985514188
32.6921985514188
48.7025401122758
12.7941360817444
12.7941360817444
49.2680267899219
14.7026536188002
91.9622709522072
75.3510997963512
20.4282062299676
8.25681235198103
20.4988920646734
36.332519038766
12.7941360817444
24.4572988081965
17.247343668208
29.7587364111293
6.29103928881356
0.300414797499524
0.206402637340849
31.8086256175967
78.9560773663455
205.413035654969
1.27587931643915
0.0127234502470387
0.0508938009881546
89.6296384069168
44.1786466911065
70.6858347057703
72.4529805734146
107.7958979263
29.7587364111293
20.3575203952619
28.7161203492192
86.5194616798629
27.8502188740735
38.5237799146448
144.764589477418
65.5964546069549
150.207398749762
130.768794205675
165.404853211503
43.3304166746372
12.7941360817444
27.8502188740735
41.3512133028757
20.923007072908
29.9707939152466
26.6485596840754
95.1431335139669
51.2472301616835
31.9499972870082
22.4074096017292
7.06858347057703
22.9728962793754
0.523075176822701
0.361911473693544
22.9728962793754
36.332519038766
100.161827778077
68.4238879951857
123.912268239215
11.5924768917463
33.9998864934755
9.0477868423386
19.5799762134984
19.5799762134984
24.4572988081965
25.1641571552542
44.1786466911065
0.436131600134603
6.52076825160731
3.53232823988002
106.725792928671
52.2977002052276
198.263948872643
4.85798216492449
0.580703767061988
59.4448234921444
175.516854565245
201.012842444534
101.43417280278
130.641167004123
37.7285642742049
4.46695205432299
150.639367739631
48.7241385617692
16.681660641021
26.9391570045325
60.5443809209008
49.7549736512283
206.510629588317
82.5355294960294
108.993630125481
183.419923584432
13.8819125380499
90.2324314973243
33.0554452019901
12.0833507438697
86.786497055418
26.9445369819517
14.7537044994211
79.0424711643192
21.6966242638545
120.833507438697
216.966242638545
68.4278149860027
137.923771474226
150.140639905873
134.118517372565
117.829359463702
17.9581290060827
13.8858395288669
1.89194563580811
12.0833507438697
41.7242774304894
22.6980069221863
54.6087343010246
62.0189659726795
26.3029844921805
96.8003236387355
138.007220029087
0.84650214050977
8.31548159478682
183.987373757486
0.435935250593754
94.0632110392954
34.3140457588345
63.3541428504552
36.316811075498
13.4852864655342
41.9245539621558
155.481347416976
56.1441877104666
64.7560785721196
148.738704184209
103.67648455928
34.7145988221672
19.7606177910798
33.3794219443916
21.6966242638545
150.140639905873
26.3029844921805
16.2891579088631
10.8149327099829
26.3029844921805
56.1441877104666
41.7242774304894
30.0414797499524
94.3302464148505
16.2891579088631
144.466138175327
26.7035375555132
32.1110039105047
9.68003236387355
0.295074089988421
24.634013394961
51.0705155749191
22.9223166376526
0.341805280710569
17.9581290060827
30.775827032729
0.0781078473498762
23.7661484244068
1.56804743322301
65.8968694044544
126.610110930486
0.856594506909427
17.4299487411979
15.8100650291906
197.237040774001
0.128805298797182
20.4203522483337
3.68257490853795
14.6398217657284
28.3999975884517
50.3283143105085
34.2433599241287
20.4203522483337
43.0398193541802
63.1183663218033
55.5433581154675
30.473448739821
7.33938875731647
32.2955724789031
64.4026493985908
21.237166338267
22.9336263712055
0.38767253345298
7.05287550730909
0.796707896950372
14.1371669411541
0.553548625562521
64.4026493985908
39.2699081698724
12.6920343205028
1.37350430814946
32.2955724789031
0.183469010969644
44.9681289249536
111.982070137208
177.499984927823
30.473448739821
39.2699081698724
39.2699081698724
27.2061923800876
35.7513243978518
15.3309721495182
116.238928182822
39.5212355821596
16.9017684763131
201.313257242034
19.9176974237593
28.2743338823081
69.6805250566216
21.7398211628414
2.89780506367123
14.1371669411541
21.3628300444106
0.553548625562521
0.764663651883756
0.211743344851952
116.930078566612
23.1849537834927
30.2221213275338
3.40108820677631
60.946897479642
129.345260034517
2.70012034594409
0.0986067394145496
33.1732549264997
50.6424735758675
169.700981165287
22.9473708390649
33.4167283571529
22.4604239777585
27.5124976638126
8.77682447596649
20.0276531666349
142.608671518892
42.7060251347363
45.0622196249286
2.90400970916206
23.2085157283946
30.6305283725005
1.18339868269911
29.0400970916207
26.6249977391735
117.161771024814
5.89048622548086
42.6471202724814
27.3318560862312
0.104850654813559
2.97116125213255
36.8155389092554
1.32241415762045
99.5492172106266
51.8951836464864
89.8299149385831
78.9914202836984
42.6471202724814
19.1440802328128
19.1440802328128
45.7101731097315
18.4372218857551
16.9646003293849
34.164820107789
49.0088453960008
34.5182492813178
38.46487505239
15.6097884975243
178.422827769815
95.720401164064
181.898214642849
172.296722095315
60.3774838111788
26.6249977391735
26.6249977391735
32.3387693778899
36.8155389092554
21.7358941720244
25.8998788848168
73.7488875430204
89.8299149385831
57.4911455606932
1.18339868269911
11.7809724509617
2.46281229087355
13.0179745583127
0.0689186888381261
11.8987821754713
2.68665076744182
2.27137148854542
1.00668409593468
1.13215145253742
0.0689186888381261
11.7809724509617
3.86710420702819
13.0179745583127
100.138265833175
0.251680841460712
0.743654251012874
0.242000809096839
33.3676409719406
17.4240582549724
0.631479758325633
24.2000809096839
21.0113643662902
19.701712928825
212.106591502523
0.481154549851362
80.5975595278461
10.170906215997
56.3523182237669
28.2586259190402
3.31901409870128
19.5721222318644
20.0669230748048
16.2564068054494
63.1635267161986
12.3898131072274
14.5691359310227
4.06836248639878
40.1338461496096
81.1473382422244
12.1501095877585
150.969234968257
14.789047416774
15.8336269740926
30.8975637480556
39.8039789209827
29.9629399336126
4.62089009434889
4.31081489943957
26.4443561615921
127.548661735746
190.718236017802
86.3152581573796
43.1576290786898
215.788145393449
73.7253255981185
53.6584025233137
89.3390410864597
56.3523182237669
60.2557470958522
24.8499978898953
0.669080695398286
27.1040906188459
12.1501095877585
34.5810811343896
139.918682809255
89.3390410864597
56.3523182237669
204.792571105885
71.4712328691678
37.8797534206589
19.5721222318644
39.8039789209827
209.410712306662
91.5931338154104
83.8412539426776
7.9717913584841
4.8930305579661
3.96280497323816
49.4800842940392
11.4353972590668
20.2868345605561
13.2941990923796
44.4221201217597
13.4146006308284
167.352640656728
15.8336269740926
23.1456838753228
30.1828514193639
0.234323542049629
51.7420310046239
34.459344419063
13.2535940073319
3.69510200924414
54.9759079424129
61.1785899378442
29.1048924401009
18.0248878499714
3.07483380970101
44.5850902406646
0.766057733623786
12.4377027602406
66.2679700366597
197.478550709246
32.7098700100952
193.820558763222
19.4859640533397
122.675266131864
7.68708452425253
0.0229728962793754
0.10465430527271
5.00298630084174
77.8525929467721
8.3723444218168
22.7605246159927
35.6335146733422
155.398880609819
1.98587925615045
3.50004837536439
2.71437532260975
0.0597295303263759
4.06160806219356
135.28483364521
88.8795831608722
127.627201552085
9.24020939237098
9.24020939237098
91.8915851175014
27.8227299383546
29.9158160438088
22.9728962793754
128.699270045123
33.4893776872672
29.6095107600838
9.24020939237098
35.5824637927214
118.13173775661
0.0367566340470006
13.7326868870044
4.06160806219356
18.8377749490878
11.4864481396877
54.777594906155
54.4202387418092
9.24020939237098
91.8915851175014
52.327152636355
9.24020939237098
195.269618374691
50.0298630084175
21.4924207413712
11.4864481396877
6.66775551788715
28.0269334608379
24.5554735786212
77.8525929467721
60.4442426550676
12.4564148714835
6.26343254337014
54.1139334580842
47.4262680967549
66.4171956877052
9.85281995982099
13.9271907421698
13.528483364521
3.51434262193822
0.0597295303263759
111.290919753418
28.0269334608379
0.0597295303263759
15.1110606637669
16.5915362017711
12.4564148714835
0.0367566340470006
0.314983933430547
29.5074089988421
12.7435760749757
23.6110322871358
150.894622142735
201.258279370596
17.9168956025043
117.269763272281
8.88481672343363
7.66990393942821
54.8306092821844
74.0237769002095
74.8582624488193
67.9860285190916
33.8212084113026
58.953949640021
3.6324665057132
10.7010499762902
17.2002197784041
32.4683600748505
34.164820107789
36.4267668183737
9.43655893322034
44.7205714238507
13.6659280431156
62.4391539900971
14.4199102799772
160.221225333079
63.8057467944087
17.3887153376195
29.4524311274043
16.0221225333079
6.8329640215578
15.3152641862502
40.1966780026814
50.2340665309008
0.117809724509617
12.299335238804
15.8807508638964
29.4354665270749
1.20684281787652
58.9991100344163
42.4115008234622
0.522603937924662
71.8639319508665
25.6353960532927
109.751539353159
19.9805292768311
0.0339292006587698
0.0339292006587698
0.00848230016469244
1.3609379375351
3.09368336562255
115.02941501119
35.8612801407275
96.4668435785569
23.7975643509427
30.0179178050505
48.3019870489431
41.9402619254237
68.0940207665588
124.878307980194
48.1134914897277
47.9249959305123
36.3796429285698
22.6665909956504
200.276531666349
3.48716784548467
2.88633825048562
47.1238898038469
82.6553027159474
43.7780936277738
17.2002197784041
0.46464155346593
0.200276531666349
61.261056745001
133.124988695867
41.6575185866007
0.0966039740978862
0.290754400089735
2.69642897457612
0.249756615960389
15.3152641862502
6.54825718732623
14.7475783937466
18.0641577581413
16.6641855318854
93.4368560039859
14.6771281784898
74.0630468083794
8.7430523549404
19.1931676180251
22.2640744369092
221.10529095965
53.4699069640983
58.7536731083546
28.9026524130261
2.37588834913954
41.9540063932832
10.7143035702976
21.1350645770253
3.58979975048663
36.5376650390454
15.710280192531
44.5036051812122
65.1409236721844
66.1176055582772
2.04969285692649
0.608644306724853
28.3371657353799
3.93826128063199
0.319657052502761
0.183586820694154
0.0505403718146258
28.3371657353799
9.71930227204342
125.530188455814
44.2768214615312
93.9964521954066
30.6266013816835
14.0389921707294
23.715097543786
46.177485016953
1.45227974393822
91.7934103470768
23.715097543786
0.962426909427233
0.624195190360122
70.3677484495944
0.00777544181763474
0.031101767270539
0.183586820694154
0.031101767270539
0.00777544181763474
19.4386045440868
0.031101767270539
54.0825175315483
35.9398199570672
86.1346165797982
85.9186320848638
8.99575421401352
131.707345010935
8.63937979737193
12.5271007061893
51.8794756832184
155.033670463839
10.0579659601004
56.1991655819044
210.800867055875
59.7845081978138
60.8644306724852
23.715097543786
72.7435778938716
86.2642072767587
6.63547565337151
43.9312462696363
19.1228352124929
12.7862821001105
28.0779843414588
68.0783128032908
54.0825175315483
2.63501083819844
38.0564680074234
19.7841797359817
14.9461270494534
0.266524866748924
6.26355035309465
0.365013796438964
5.52920307031804
36.328592047949
19.8332671211941
25.7708772364788
0.139368904094877
91.7443229618644
40.2438018924853
0.0733954583694915
0.152563593239954
29.8942175943154
82.0796254971312
5.97884351886308
110.381821379286
7.46324604768425
0.0733954583694915
0.26925412536673
0.0459457925587507
0.0805033117482385
0.098174770424681
17.6714586764426
38.3274303737955
47.1631597120168
146.280407932775
30.0414797499524
33.9684705669396
17.0038702375548
2.51680841460712
29.0597320457056
7.06858347057703
3.26921985514188
0.0636172512351933
0.0636172512351933
0.166897109721958
23.0121661875452
63.6172512351933
45.3174740280328
24.5436926061703
5.02654824574367
59.8866099590554
11.6238928182822
7.10785337874691
0.0176714586764426
0.0176714586764426
8.6786497055418
2.04203522483337
18.9280957378785
15.39380400259
12.7627201552085
0.13233959053247
21.3628300444106
91.4988860358027
189.830736093163
156.529853965111
150.207398749762
15.2759942780804
0.0176714586764426
0.0176714586764426
0.0282743338823081
0.166897109721958
0.00706858347057703
17.6714586764426
5.85121631731099
31.4159265358979
24.789129532232
85.8440192593411
48.0365224697147
33.0259927708627
93.6587309851457
24.5436926061703
7.85398163397448
23.404865269244
17.3843956477208
149.107841321006
121.422556061246
83.1343955956199
122.718463030851
9.58185759344887
34.7145988221672
14.8047553800419
24.2295333408113
0.201061929829747
33.3794219443916
5.2028701334264
9.40278681219425
94.4441291485432
16.5326313395163
0.283528736986479
4.43749962319558
10.4065256650162
149.579080219044
0.0176714586764426
0.331830724035422
0.166897109721958
26.8998870963626
20.4596221565035
9.8174770424681
0.0459457925587507
0.166897109721958
0.204203522483337
6.57299722947324
0.13233959053247
0.0636172512351933
0.15855225423586
1.2609567513346
2.70881863060371
9.3266031903447
0.0167878857426205
20.2946885421901
37.9406217783222
110.762739488534
25.9413871777524
16.5476324444372
152.956292321653
14.6987266279832
53.9077664401923
167.878857426205
12.6841803388688
0.413728117523691
1.47136491930878
0.19399334635917
0.0159043128087983
0.0318086256175967
1.74452640053841
0.0883572933822129
6.10054096428151
1.01116086546604
12.9001648338031
13.7515757128341
0.492680267899219
4.11568272574348
25.8003296676062
1.37483948502723
5.16006593352124
0.23078925031434
0.180955736846772
85.565202911335
52.1661460128585
24.0331837999619
150.207398749762
23.1849537834927
75.103699374881
0.0318086256175967
5.7255526111674
0.187317461970291
20.1101199737917
3.14551964440678
60.4010457560808
20.7109495687907
24.3512700561379
53.4738339549153
27.0373317749572
37.2160919725881
0.0413512133028757
0.00636172512351933
0.00636172512351933
0.119459060652752
1.05463265381009
28.3450197170139
40.7150407905237
0.249520996511369
14.4768123769153
75.103699374881
191.452583300579
13.0415365032146
12.016591899981
19.403261626734
80.4404798951666
39.9374966087602
198.803910109979
8.83572933822129
98.1472814889622
14.8793682055647
0.150207398749762
0.29864765163188
36.2264902867073
2.04988920646734
22.7735622255051
68.2118304910684
65.3843971028376
36.2264902867073
17.848173263207
7.13926930528281
0.119105631479223
0.119459060652752
1.16066140586875
6.39706804087222
1.66712541153559
5.12472301616835
8.62367183410398
80.1930794736965
87.5876031820834
20.5951033396896
17.3572994110836
0.967001853729023
18.325302647471
0.582470912929633
213.928715241605
138.624739335058
26.7035375555132
0.32311280442171
3.27118335055037
0.0150207398749762
22.4643509685755
0.0150207398749762
0.0240331837999619
0.0300414797499524
0.377187467971625
26.9705729310684
4.75923798083135
36.8842612485527
25.1680841460712
4.3393248527709
21.2626917785774
42.6201811154769
31.4954873698501
68.1607796104475
23.6660101585736
19.3600647277471
11.3490034610931
0.240999426438507
6.04167537193487
0.0684278149860027
0.112822446172043
0.817795837637593
0.205951033396896
17.6910936305275
0.0240331837999619
0.382194381263283
0.802775097762617
34.7145988221672
0.0226194671058465
26.7035375555132
0.0559203492338983
0.0508938009881546
0.0644026493985908
0.90792027688745
18.4097329500362
55.0721192174291
40.9977841293468
14.1371669411541
13.3203528512207
18.7238922153952
163.488481692813
3.33008821280518
1.48188925469831
26.1380508778671
4.5553093477052
90.9805232479604
0.98174770424681
0.0282743338823081
0.0226194671058465
0.205146000279413
1.39361050113243
20.923007072908
17.0902640355285
21.6455733832337
49.5115002205751
135.873882267759
38.4530940799391
34.7145988221672
40.9977841293468
14.7026536188002
0.0367566340470006
0.0226194671058465
0.0141371669411541
0.326725635973338
11.4932025638929
102.101761241668
0.807389311972577
5.15221195188726
17.0902640355285
13.3203528512207
0.0141371669411541
0.0226194671058465
0.0141371669411541
0.0141371669411541
1.99302637943736
16.0849543863797
62.6433575125805
21.9047547771548
63.1145964106189
44.8933590197981
12.3778750551438
5.76293756374512
14.1371669411541
0.138858395288669
100.530964914873
58.1194640914112
26.1380508778671
37.7305277696134
86.2681342675757
27.6774312781261
7.95105684697041
13.226105071613
2.77873870210017
2.26257502911537
6.23417646178359
79.9535330338602
21.9283167220568
25.1955730817901
0.205146000279413
48.8831816898572
34.7145988221672
16.3676977252028
0.608526497000343
0.24944245669503
17.0902640355285
1.70054410338816
146.335385804213
4.68097305384879
0.0367566340470006
18.2212373908208
8.32522053201295
17.4986710804951
4.02123859659494
0.0141371669411541
0.0367566340470006
0.0226194671058465
6.94291976443344
0.0559203492338983
0.437938015910417
0.232477856365645
0.276774312781261
1.40554855321607
5.68628270299753
0.348402625283108
0.0644026493985908
0.091734505484822
32.2013246992954
0.591699341349553
8.98299149385832
3.13197152608817
7.19699607029252
17.553648951933
0.034459344419063
1.30650984481166
7.18639319508665
0.00530143760293278
4.7712938426395
9.5720401164064
0.0132535940073319
14.43905436021
23.7975643509427
6.98758928497667
46.4170314567892
46.7115557680632
27.243498792849
150.943709527947
8.15832342229099
25.9475918232432
16.0515749644353
26.2126637033898
0.54486997585698
39.4957101418492
0.337230336408779
0.0860010988920206
13.7837377676252
18.4077694546277
0.0265071880146639
0.0524253274067797
0.0123700210735098
18.8299209674538
17.1805848243192
28.1761591118835
0.092637713372729
0.0123700210735098
1.20731405677456
46.7311907221482
6.70730031541421
3.57356164345839
42.6903171714683
15.9435827169682
0.782060221203009
0.871399262289469
3.07711146437486
27.076601683127
25.1248872470844
3.51858377202057
6.07505479387926
0.0123700210735098
2.69391570045325
0.232281506824795
0.169606733385679
10.5307363845575
1.25377035813952
7.72439093701391
61.1628819745763
96.8710094734413
35.6355567085671
0.733679694337726
52.2564668016492
19.9019894604913
7.17461222263569
62.3723951462084
12.3700210735098
4.97549736512283
0.0445320758646353
0.0123700210735098
0.145691359310227
0.0123700210735098
0.0197920337176157
0.048930305579661
0.145691359310227
95.1392065231499
34.4161475200762
112.704636447534
12.5899325592611
14.1293129595201
37.2200189634051
90.1637091580271
61.7126606889545
0.00494800842940392
0.00494800842940392
0.0123700210735098
0.0197920337176157
3.98589567924205
0.0687223392972767
0.786458450918035
5.30536459374976
12.4249989449476
0.0687223392972767
28.1761591118835
11.5728419376614
17.1940544028214
10.695669998871
8.93390410864598
6.07505479387926
3.98589567924205
23.3655953610741
0.987677460380461
3.73849525777185
2.8338343832625
14.9814699668063
0.179502750244487
140.963262366574
3.57356164345839
7.61443519413826
12.3700210735098
8.93390410864598
8.93390410864598
3.43611696486384
124.387434128071
1.68369731278328
7.13640260198641
5.49778714378214
9.5111717587431
14.7131779541898
0.5324606848753
41.5907597427119
0.631420853463379
0.0687223392972767
0.0321620547911255
13.552045309423
6.07505479387926
0.0687223392972767
0.11682797680537
11.9027091662883
0.595135458314416
0.496175289726338
0.145691359310227
0.363403730203999
0.179502750244487
0.121501095877585
0.0563523182237669
78.4259336060522
0.0197920337176157
0.121501095877585
0.0197920337176157
0.203418124319939
0.217987260250962
1.08416362475384
0.0123700210735098
3.19068003880213
0.029864765163188
18.0975371800857
3.17434375700347
7.55553033188345
0.0638136007760427
8.58292930437774
0.108483121319273
2.57321963769314
18.6335714266045
0.0229728962793754
0.0676424168226052
55.2625782720529
10.8227866916168
38.926296473386
26.8782886468692
23.6110322871358
0.112822446172043
0.157491966715273
3.72492750449916
3.80329060625214
42.0914510718778
66.9787553745344
0.809156457840221
28.5119168267359
4.95193542022091
143.580601746096
2.55254403104171
16.7446888436336
5.12652943194416
35.9653453973776
13.9113649691773
0.0114864481396877
5.01217545935349
26.1635763181775
14.013466730419
0.0229728962793754
0.0183783170235003
0.247086262204837
0.568706810116092
0.0638136007760427
3.31830724035422
0.0183783170235003
104.65430527271
0.0183783170235003
0.029864765163188
0.101335998032356
12.3798385505523
15.4063703732043
0.00424115008234622
0.0935409212606361
0.0688008791136165
10.6499990956694
9.99026463841554
8.69435766880975
8.01106126665397
0.15385950020956
80.6996612890878
0.435895980685584
57.0434686075567
0.104143796466502
0.104143796466502
21.8890468138869
9.42477796076938
16.4226755966406
0.0169646003293849
0.0106028752058656
7.65763209312512
0.0589048622548086
1.61375760633274
0.00424115008234622
0.0589048622548086
0.0275674755352504
0.0589048622548086
0.746913653390973
0.261301968962331
28.9237010838051
0.0275674755352504
17.4358392274234
21.2057504117311
45.3331819913007
6.8329640215578
0.0275674755352504
0.0688008791136165
0.0275674755352504
0.0169646003293849
0.0106028752058656
0.0106028752058656
0.0589048622548086
1.55555960242499
1.30650984481165
0.456394872750257
0.456394872750257
0.00424115008234622
0.995492172106266
0.00424115008234622
0.0624391539900971
2.58262478069983
10.6028752058656
18.0248878499714
49.0088453960008
15.4566358556618
45.7101731097315
1.17809724509617
20.0983390013407
12.5493274742134
12.9882865077363
0.435895980685584
62.4391539900971
45.3331819913007
20.0276531666349
4.26471202724814
9.91957880370977
12.2522113490002
7.65763209312512
20.0983390013407
34.777430675239
24.8107279817254
24.1509935244715
0.100138265833175
0.00424115008234622
0.00424115008234622
0.124878307980194
7.65763209312512
0.0688008791136165
3.0159289474462
5.74911455606932
0.104143796466502
4.65796088766125
115.477091964327
38.2881604656256
9.91957880370977
0.124878307980194
0.286748869456408
12.2757732939021
58.9048622548086
7.73420841405637
27.1904844168197
34.4004395568082
19.8155956625176
23.8682501856485
15.3152641862502
16.634733100758
6.33816317861741
59.9651497753952
2.49756615960389
17.2002197784041
0.15385950020956
27.5674755352504
5.74911455606932
0.0169646003293849
144.316912524281
7.65763209312512
0.0935409212606361
4.26471202724814
0.079403754319482
26.6014357942716
5.74911455606932
56.1009908114797
73.5368300389031
0.0688008791136165
0.298765461356389
0.985124916349419
14.0429191615464
0.0483019870489431
0.00424115008234622
0.0275674755352504
0.0275674755352504
0.0169646003293849
0.207580734585946
0.0275674755352504
81.265147966734
0.0169646003293849
12.935507751156
0.038170350741116
11.3332954978252
28.2978958272101
0.613372403668505
0.00388772090881737
0.282075750384194
11.857548771893
0.0155508836352695
0.0194386045440868
0.570631035616416
2.4244259556375
0.133262433374462
12.2895177617616
0.00388772090881737
0.0539961237335746
18.3586820694154
0.625707081824662
0.441040338655837
9.09294723673396
11.857548771893
0.0155508836352695
8.50978910041135
23.2399316549305
12.5271007061893
18.1642960239745
14.7130797794193
1.83586820694154
17.0377208983972
2.11600009687132
0.935212863065512
7.77544181763474
1.83586820694154
6.24195190360122
9.09294723673396
3.9093193583108
3.9093193583108
2.97648232468956
13.1750541909922
18.3586820694154
38.8988075376671
0.709293081364236
0.0539961237335746
0.114471782315178
0.0442768214615311
0.0539961237335746
0.195760492226814
0.00353429173528852
0.0141371669411541
0.0402516558741192
0.781078473498762
0.290793669997905
0.795215640439916
8.49192129219406
4.39999686089335
28.7848426885165
4.28041999051609
10.7010499762902
3.18086256175967
3.22013246992954
0.00883572933822129
0.00883572933822129
0.518755486924015
0.0141371669411541
14.9422000586365
5.81194640914112
5.70768480295011
19.0459054623881
0.121147666704056
6.38136007760427
44.1590117370215
7.95215640439916
0.0141371669411541
100.629139685298
1.00570234823043
10.6225101599505
0.0520326283250809
0.00353429173528852
0.0229728962793754
0.00353429173528852
0.00353429173528852
0.37856191475757
0.273711259944011
0.00883572933822129
0.87100656320777
54.6904157100179
0.13862277583965
1.03299493440849
0.221874981159779
5.31007698273015
2.40724537081318
24.7596771011046
21.0683057331365
2.92560815865549
18.2408723449057
0.155901535434393
0.145298660228528
18.2408723449057
0.00883572933822129
2.92560815865549
0.104065256650162
0.066169795266235
0.0402516558741192
0.104065256650162
46.8097305384879
33.3794219443916
7.73617190946487
0.141764368493239
1.41371669411541
0.0834485548609789
25.545075264502
8.72989693570349
14.2157067574938
17.6910936305275
69.1935781953152
7.95215640439916
4.08407044966673
1.96349540849362
2.81879400843344
0.259574093002857
0.0318086256175967
0.0318086256175967
0.256432500349267
0.0779507677171967
0.121147666704056
9.05171383315559
0.086786497055418
0.0834485548609789
0.0490873852123405
19.0066355542183
15.1778195076557
0.556454598767092
0.086786497055418
0.0141371669411541
0.0141371669411541
9.18915851175015
6.79369411338793
1.41371669411541
11.1722888743287
0.066169795266235
0.0834485548609789
10.7010499762902
6.79369411338793
2.84333770103961
0.121147666704056
27.8227299383546
0.0834485548609789
0.00353429173528852
0.259574093002857
0.311410371787088
0.0206756066514378
0.00318086256175967
0.811826811595772
0.280269334608379
0.978291952327862
1.2726984538774
0.475892382156599
5.74322406984384
2.29728962793754
0.028627763055837
81.730496378547
0.405913405797886
7.95215640439916
0.0441786466911065
0.0127234502470387
0.00795215640439916
0.00318086256175967
0.0595528157396115
0.233616683702571
0.174240582549724
4.31183591705199
2.9864765163188
7.49269847881166
5.74322406984384
25.9063584196648
0.0206756066514378
9.84300248277852
10.0550599868958
0.0206756066514378
0.0441786466911065
9.63094497866121
0.248990852751076
0.028627763055837
0.0127234502470387
9.08312975969149
0.0113097335529233
0.0183783170235003
0.0113097335529233
0.0113097335529233
0.00706858347057703
0.76026542216873
0.290597320457056
0.0392699081698724
0.179856179418016
35.3680500941139
15.8493349373605
1.77499984927823
16.7446888436336
0.496528718899867
2.01061929829747
0.052935836212988
11.3725654059951
0.00706858347057703
0.154880517821977
16.1006623496477
10.461503536454
16.3991136517387
0.0667588438887831
35.3272093896172
0.0667588438887831
0.0832522053201295
14.1498903914011
0.415004389539212
0.116238928182822
0.340077404751095
16.1006623496477
0.116238928182822
0.419245539621558
0.315572982053095
0.0969181333632451
0.0183783170235003
0.0113097335529233
0.00706858347057703
0.0113097335529233
4.98083807263394
0.128805298797182
0.00706858347057703
0.00282743338823081
0.0832522053201295
0.0113097335529233
8.62367183410398
9.36194610769758
0.0969181333632451
0.00706858347057703
0.0694291976443344
0.0832522053201295
0.0113097335529233
0.290597320457056
1.13097335529233
0.207659274402285
0.0816814089933346
13.2103971083451
4.64955712731289
0.380132711084365
0.116238928182822
0.00282743338823081
8.07389311972577
0.177499984927823
0.052935836212988
0.0392699081698724
0.0392699081698724
0.0183783170235003
0.0832522053201295
0.00706858347057703
0.132732289614169
0.0530929158456675
12.5663706143592
18.8652638848067
0.502654824574367
0.102573000139707
0.0141371669411541
0.0113097335529233
0.00706858347057703
0.0183783170235003
0.0804247719318987
0.0530929158456675
0.045867252742411
6.18893752757189
1.13097335529233
0.00706858347057703
0.00706858347057703
0.0832522053201295
0.0254469004940773
8.56083998103218
0.0141371669411541
0.00706858347057703
0.0061850105367549
0.0061850105367549
6.18501053675491
0.493838730190231
0.00989601685880785
0.36312884084681
6.61108904039802
14.6913242502932
0.0992350579452676
0.0992350579452676
0.116140753412398
0.0222660379323177
47.5917318548287
0.155312486811845
0.0848033666928395
3.14047346120695
3.29097538426799
0.378797534206589
0.0061850105367549
105.612491032055
0.0061850105367549
0.00989601685880785
0.0123700210735098
0.0607505479387926
2.85884931476671
0.0281761591118835
3.64228398275567
0.0364228398275567
0.0848033666928395
10.5145179124833
0.0703716754404114
7.54571285484098
0.0464563013649591
5.07170864013902
0.0281761591118835
0.0343611696486384
0.0401338461496096
0.989601685880785
0.0584139884026852
0.989601685880785
0.0160810273955628
0.0464563013649591
0.0464563013649591
0.0222660379323177
0.00989601685880785
0.00989601685880785
0.00212057504117311
0.039701877159741
0.00848230016469244
0.00848230016469244
0.00212057504117311
0.00212057504117311
0.00530143760293278
1.00138265833175
1.00138265833175
0.00848230016469244
0.0209701309627119
1.00138265833175
5.66664774891259
0.541217874397182
0.537330153488364
0.543338449438355
0.942477796076938
1.9085175370558
1.5079644737231
0.046770460630318
0.00848230016469244
0.0137837377676252
0.00848230016469244
0.00530143760293278
3.82881604656256
0.039701877159741
1.70070118302083
0.179659829877166
0.00848230016469244
0.0137837377676252
1.04850654813559
0.0241509935244715
0.112272667457665
0.046770460630318
0.0294524311274043
2.87455727803466
2.658258623835
3.96135198663588
0.00212057504117311
0.00212057504117311
0.240567457448638
12.5585166327252
0.039701877159741
0.0850586210959436
0.361086805621977
0.552881037123634
7.50447945126262
0.0500691329165873
0.0137837377676252
0.00848230016469244
0.133124988695867
0.0137837377676252
3.40894218841028
0.122522113490002
1.1980070885383
1.70824100538945
1.17809724509617
8.52942405449629
0.0995492172106266
20.5577969269282
3.39292006587698
0.00530143760293278
1.9085175370558
0.186846223072253
0.0624391539900971
0.00848230016469244
0.38794742281017
0.0500691329165873
0.149382730678195
0.257532057778023
0.240567457448638
7.36310778185108
7.02145958077319
10.6028752058656
6.05541983979433
14.148947913605
17.8717352081089
0.201336819186936
0.0435895980685584
0.0209701309627119
0.586810237782404
4.75491829093266
0.0344004395568082
3.68744437715102
0.0726886000224338
0.00848230016469244
0.103790367292973
8.11709001871263
0.255058053563321
0.00848230016469244
0.00212057504117311
0.433657595919901
0.00848230016469244
0.0520718982332508
0.00530143760293278
0.019085175370558
0.0850586210959436
6.46775387557799
0.00212057504117311
0.122757732939021
1.70824100538945
0.00212057504117311
0.00212057504117311
0.0995492172106266
0.0137837377676252
0.00848230016469244
0.00530143760293278
0.019085175370558
5.66664774891259
0.0294524311274043
0.00530143760293278
0.00212057504117311
0.0217358941720244
0.0201258279370596
0.98174770424681
0.00706858347057703
0.00441786466911065
0.00706858347057703
0.00706858347057703
0.0114864481396877
0.0330848976331175
0.0114864481396877
0.834485548609789
0.0417242774304894
1.42353417115788
1.42353417115788
0.0260163141625405
0.0286670329640069
0.00706858347057703
0.0950331777710912
7.40237769002095
0.00441786466911065
0.0502654824574367
0.177205460616549
0.00706858347057703
0.00706858347057703
0.00706858347057703
0.00176714586764426
0.155705185893544
0.00706858347057703
0.00441786466911065
0.0510508806208341
6.44026493985908
0.00441786466911065
8.6786497055418
0.225507447665492
4.25096755938869
0.380329060625214
0.0330848976331175
0.0510508806208341
0.00706858347057703
0.00706858347057703
0.00706858347057703
0.0114864481396877
0.128216250174633
0.00441786466911065
0.00176714586764426
0.0331830724035422
0.0331830724035422
0.0114864481396877
0.00441786466911065
0.0114864481396877
0.00441786466911065
23.3695223518911
0.240724537081318
0.0402123859659494
0.0196349540849362
0.00565486677646163
0.00565486677646163
0.00353429173528852
0.0161006623496477
0.0208130513300324
0.00565486677646163
0.0443749962319558
0.0311803070868787
0.785398163397448
0.00353429173528852
0.0139800873084746
0.0196349540849362
0.0127234502470387
0.00565486677646163
0.00565486677646163
0.887499924639117
0.124564148714835
0.809666966646429
0.396154833617673
0.0416261026600648
0.0347145988221672
0.0161006623496477
0.00353429173528852
0.0196349540849362
0.00565486677646163
0.0127234502470387
0.00565486677646163
0.00141371669411541
0.0333794219443916
0.00353429173528852
0.00565486677646163
0.00565486677646163
0.00141371669411541
0.667588438887831
0.0311803070868787
0.392699081698724
0.207502194769606
1.42157067574938
0.00353429173528852
0.00141371669411541
1.58650429006285
0.00565486677646163
9.43263194240335
2.89811922293658
0.00353429173528852
0.392699081698724
0.0416261026600648
0.0663661448070844
0.00565486677646163
0.00565486677646163
0.00706858347057703
0.00918915851175015
0.0818384886260141
0.0408407044966673
0.918915851175015
0.00353429173528852
0.0484590666816226
0.289105063946601
0.0691935781953152
0.152131624250086
0.00918915851175015
0.00918915851175015
0.00565486677646163
0.00353429173528852
0.00565486677646163
0.638999945740164
0.00565486677646163
0.0311803070868787
0.22343792350494
0.944048592403733
0.00265071880146639
0.00424115008234622
0.00689186888381261
0.00689186888381261
1.06617800681204
0.0147262155637022
0.00689186888381261
0.0653254922405828
0.294524311274043
0.424115008234622
0.00424115008234622
0.625864161457342
0.00689186888381261
0.00689186888381261
0.00424115008234622
0.00265071880146639
0.00424115008234622
2.45554735786212
0.951902574037708
0.0479053609764274
0.000706858347057703
0.0098174770424681
0.211429185586593
0.00176714586764426
0.196349540849362
0.00282743338823081
0.00176714586764426
0.00176714586764426
0.000883572933822129
